-1.7587797587414404 0.019121479250630784 1
-1.7587797587414404 0.019121479250630784 10.0
-1.7587797587414404 0.019121479250630784 100.0
-1.7587797587414404 0.019121479250630784 1000.0
-1.7587797587414404 0.019121479250630784 10000.0
-1.7587797587414404 0.019121479250630784 100000.0
-1.7587797587414404 0.019121479250630784 10000.0
-1.7587797587414404 0.019121479250630784 1000.0
-1.7587797587414404 0.019121479250630784 100.0
-1.7587797587414404 0.019121479250630784 10.0
-1.7587797587414404 0.019121479250630784 1

